émï åïï£
òaä¶
î‰ïzJCT
àÆêÏñk
àÆêÏëÈê≤
ê[êÏ
ê[êÏêºñ{ê¸
ëÍêÏ
çªêÏÇrÇ`ÉXÉ}Å[ÉgIC
ìﬁà‰ç]çªêÏ
î¸âS
éOä}
ä‚å©ëÚ
ç]ï ìå
ç]ï êº
éDñy

4,240 4,100 3,910 3,600 3,400 3,180 2,910 2,700 2,560 2,370 2,090 1,380 1,150 870 590
2,970 2,870 2,740 2,520 2,380 2,230 2,040 1,890 1,790 1,660 1,460 970 810 610 410
3,920 3,790 3,590 3,280 3,0802,860 2,510 2,270 2,140 1,950 1,660 950 730 440
2,740 2,650 2,510 2,300 2,160 2,000 1,760 1590 1,500 1,370 1,160 670 510 310
3,7103,5703,380 3,070 28702,590 2,230 1990 1860, 1,670 1380 670 450
2,600 2,500 2,370 2,150 2,010 1,810 1,560 1,390 1300 1,170 970 470 320



3,4903,360 3,1702,8602,6102,310 1940 1,710 1,570 1380 1,100 390 2,440 2,350 2,220 2,000 1,830 1,620. 1,360 1,200 1,100. 970 770 3,320 3, 1903,000 2,640 2,3802,080 1,720 1480 1350 160 870 2,320 2,2302,100 1,850 1,670 1,460 1,200 1,040 950. 820 610 278? 25g? 235? 193? 167? 137? Ig? 7??64? 45? 1,950 1,830 1,650 1,350 1,170 960 710 540 450 320 2,800 2,620 2,370 1,950 1,690 1,390 1,020 790 650 ê[êÏêºñ{ê¸Ç≈ÇÕàÍî ìπÇ∆ÇÃèo 1,970 1,840 1,660 1,370 1,190 980 720 560 460 ??????????#???? éDî~ìπ(éDñyêº~è¨ì…Åt 2,3102,130 1880 1460 1,200 900 530 300 ï‡ÅAíMÇÕóøã‡èäÇÃÇ»Ç¢ 1,620, 1,490 1320 1,020 840 630 370 210 810 Í§å˚ó´è¨ÅB*äÌ 2,1702,000 1,740 1,320 1,060 760 400 ?·˚äÌ 570 390 170 8 1,520 1,400 1,220 920 740. 530 280 äÌ^ 730 F "" 6 1930|1.760|1,500|1,090| 820| 510|‰ñ 510 Ç©ÇÌ | 700| 13 1,350 1,230 1,050 760 570 360 420 | || 490|| 8 1,570 1,400 1,140 730 460 290 * 540 1,080 1, 1,100 980 800 510 320 -250 380 760 12 1,270 1,100 840 430 80. 700 1,080 1,620 2.3 890 770 590 300 * ‰\ÅãàÍ 490 760 1,130 1,6 1,010 830 580 ÅsåQí¯à–P21Åt 410 950. 1,330, 1,8602.5 710 580 410 290 670 930, 1,300 1,
630 880 1410 1,800 2,330 2.9 440 62O 990 1260 1,6302, 270 740 9801,520 1900 2,4403, 190 520 690 1,060. 1,330, 1,7102, . 370 480 950 1190 1,730 2,110 2,650 32 260 340 670 830, 1,210 1,480 18602.2 ???????? ?? 520 630 1,100 1,340 1,880 2,2602,800 3,3 . 370 450 780 940 1,320 1590 1,970 2,3 * 780 630 840 950 1410 1,660 2,200 2,580 3,040 3,5 it 550 440 590 670 990 1,160 1540 1810 2,1302,4 580 1200 1,050 1,2601,370 18302,0802,620 2,950 3,35038 410 850 740 880 960 1,280 1,460 1,830 2,0702,350 2,7 660 1,080 1,690 1,540 1,750 1,8602,3302,5703,0403,320 3,730 42 --a -- = 460 760 1,190 1,080 1,230 1,300 1,630, 1,800 2,1302,320 2610 2.9 ?????' 460 960 13802,000 1,850 2,0602,1602,6302,860 3,270 3,550 3,950 44 éDñyêº|í èÌóøã‡|410 ?ã‡es-óø s 320 670 970 1,410 1,300 1,440 1,510 1,8402,000 2,2902490 2,77031 ‰\åeìÒ --- 420 720, 1,210 1,630, 2,250 2,10O2,3102,420 2,8703,0503,460 3,740 4,140 4,6 |||aligior***.avve****. 290 500 850 1,1401,580 1,470 1,620 1,690 2,010 2,1402,420 2,6202,900 3.2 éDñyìÏ 290
àÀì˙äÑà¯ ñLêÏï˚ÉäçKóvì¨ÉwÉä 500 760 1,060 1,5601,980 2,590 2,4402,650 2,7603,130 3,310 3,7104,000 4,400 49 ?? 350 530 740 1,090 1,390 1820 1,710 1,860 1,930 2, 1902,320 2,600 2,800 3,080 34 ** Å¶ëeövï“èSã‡èä É É√ 520 870, 1, 120 1.420 1,920 2.340 2.960 2,810 2,970 3,0503,400 3,5803,980. 4,270 4,670 5.1 @ÉäémñLã‡åòñLåˆ?óvêÍ) ? | 360| 610| 780| 990| 1,340| 1,640|2,080 1,970 2,0802,1402,380 2,510 2,790 2,990 3,270 3,8 ËÀåŒÂ¬ *ï˚å¸ 510 870 1,220 1,470 1,770 2,270 2,690 3,220 3,0703,230 3,3103,660 3,840 4,250 4,5304,93054
36O 610 850 1,030, 1,240 1590 1,8802,260 2,150 2,2602,3202,560 2,6902,980 3,17034503, Figg|| || 650|| 1.000 || 1.360| 1,700|| 1.960| 2,260| 2,750|| 3,080| 3,580 3,430 3,590 3,670 4,020 4,2104,610 4,890 5,2705, ???????#L 460 700 950 1,190 1,370 1,580 1930, 2,1602,510 2,400 2,5102,5702,810 2,950 3,230 3,4203,690 4,C
580 1,060 1,410 1,770 2,1102,370 2,6703,080 3,3903,900 3,750, 3,900 3,980 4,3304,520 4,910 5, 1805,5606, 410 740 990 1,240 1,480 1,660 1870 2,1602,370 2,740 2,630 2,730 2,7903,030 3,1603,440 3,630 3,890 42 460 870 1,350 1,710 2,070 2,4102,660 2,930 3,300 3,620 4,120 3,970 4,120 4,200 4,550 4,740 5,120 5,3905,76062 320 610 950 1,200 1,450 1,690 18602,050 2,302,530 2,890 2,780 2,880 2,940 3, 1903,320 3,5803,770 4,03043 740 1,030, 1,450 1,930 2,280 2,6402,940 3,1403,360 3,730 4,0504,550 4,400. 4,560 4,640 4,980 5,150 5,5205,790 6, 1706, 520 720 1,020, 1,350 1,600 1,850 2,0602,200 2,350 2,6102,840 3,190 3,080 3, 1903,2503,490 3,610 3,860 4,050 4,32046 590 1,160 1,460 1,870 2,360 2,7103,010 3,260 3,450 3,680 4,0504,370 4,870 4,720 4,870 4,950 5,2705,450 5,820 6,090 6,4606.9 410 810 1,020, 1,310 1,650 1,900 2,1102,2802,420 2,580 2.8403,0603,410 3,300 3,4103,4703,690 3,820 4,070 4,260. 4,520 48 700 1,120 1,700 2,000 2,4102,870 3,1403,4103,670 3,860 4,0804,450 4,770 5,250 5,100 5,250 5,3205,650 5,820 6,200 6,460 6,840 7.3 490 780 1,190 1400 1,6902,010 2,200 2,3902,570 2,7002,860 3,1203,340 3,680 3,5703,6803,720 3,960 4,070 4,340 4,520 4,7905, 420 960 1,380 1,96O2,250 2,6703,0703,3303,600 3,860 4,050 4,280 4,650 4,950 5,430 5,280 5,430 5,500 5,830 6,000 6,380 6,650 7,0207 290 670 970 1,370 1580 18702,1502,3302,520 2,700 2.8403,000 3.260 3,470 3,810 3,700 3,800 3,850 4,080 4,200 4,470 4,660 4,91052

